-4185 -5800 -1516 460 -6485 -2519 -14224 5224 -3021 -2035
-2307 2601 7535 1623 -10450 -1531 -642 -9164 1027 -11044
-6737 3834 -678 -2164 -2372 -2187 -1471 -932 -426 -4298
4498 -7573 -1770 -4578 -4803 -1930 -2258 -727 -5831 -3591
-1535 -5830 -1872 -5240 3994 -3102 -1762 -1387 -2444 1163
-7861 4548 -1759 -1921 -3370 -5029 -4363 822 -1150 -4587
-6565 -4918 -4439 -5242 3728 -870 -4801 -1109 -333 150
-6685 -1174 -3801 -716 338 -3356 -8076 -1069 -2560 2647
-2818 -5435 1082 -5969 -173 -412 2046 -5052 912 -4061
-4506 -11750 -6903 -2316 105 -5500 -11736 1564 -472 4144
4317 -6915 -1779 -4116 -6822 -1476 -3436 -3441 -3384 -670
-91 -5392 -1271 -3354 -1612 29 3852 -3960 988 -4986
-4276 -7699 -5162 -2734 -865 -2580 -8210 -694 -2073 3826
4692 -9292 -2747 -4624 -6061 -2030 -4109 -453 -2894 487
-9214 5268 -4306 -509 -4867 -3837 -5101 -1254 -1570 -2861
-3165 -2417 -1938 1311 -6461 3038 -4285 -3559 -2718 -2718
-1829 -10516 -3313 -3814 -505 -3263 -5855 288 -1768 3789
-3184 -6338 -765 1454 -6556 -3591 -13412 5295 -3789 -3613
-2660 -2481 -876 1486 -3525 -2258 -2361 -4609 -330 -2280
-4975 -3682 -4278 -4731 4909 -1737 -3011 -343 -3469 619
-4233 -4539 -7716 -1575 -523 -4496 -12493 334 -5482 2281
-1803 -3738 -3667 -3492 -1766 1214 4785 -5683 -774 -3778
-2002 -3538 -2151 -3036 -678 -1745 3933 -1927 595 -3559
-2713 -1262 -4979 -1736 -6180 4698 -917 -7258 -3723 -3330
-4225 -3089 -2442 -3806 3984 -1117 -3375 176 -2937 658
6830 -13624 -4109 -9074 -1077 -5090 242 -3632 -3310 1456
-3140 -3447 -2032 -344 -6341 -2057 -9990 4775 -4558 -421
-4566 -6324 -4127 -6213 4826 -1273 -2759 -1605 -3089 516
6500 -8703 -963 -2662 -11347 -2291 -4855 -2955 -2820 -850
-7732 3793 -2691 -219 -2884 -1025 -3558 -2500 -644 -3037
-6767 -3219 -6975 5155 -6546 -439 -11615 -3543 -5952 -450
-6965 3445 -3147 -905 -1812 -2542 -4443 -537 -1352 -704
-5671 -2089 -3102 5224 -5797 -232 -6234 -6311 -3900 -4076
2701 -9195 -2971 -6809 2742 -793 1979 -1027 -3231 -684
-5945 -5511 477 498 -8290 -6505 -11390 5561 -2544 -3732
-4545 -626 4447 -687 -6834 -826 -6327 -3329 -202 -5422
-5919 -4795 205 -1037 -7833 -3791 -11343 4904 -3002 -1204
-9362 4591 -4084 -1761 -3182 -2415 -4498 -905 -293 -2542
-2714 -495 3162 1789 -9026 -429 -3864 -3843 -1039 -5989
-8387 4392 -4648 -1894 -4303 -3608 -3063 -2526 -1253 -4729
-5492 3556 -1853 -1399 -2455 -1931 -2006 -187 -555 -1940
-4715 -3542 -1290 -1096 -4682 -2894 -9577 4434 -5129 -753
-8405 -4961 -4296 -2459 5343 -6030 -8443 -66 -1353 1727
-3501 168 3606 898 -1887 -1379 -1138 -1507 -1653 -5805
-5857 -1745 -1865 3672 -5683 -346 -4483 -4440 -4626 -3467
-2314 -2323 -5177 -392 -4447 3157 -1609 -6469 -1784 -962
-10665 4350 -1917 1077 -2964 -3329 -6120 -2340 -666 -1850
-5030 183 6084 -420 -3699 -3959 1287 -2845 -2424 -9545
-9920 -8364 -9835 -5980 6451 -1033 -6611 -2265 -1472 638
-3599 -6602 -1941 -4954 4830 -5244 -3478 -1091 -1956 1732
618 -3401 -2013 -2035 -1828 451 5169 -6460 -2873 -4477
-3576 -4415 -1657 4919 -3919 -3443 -5441 -2458 -4190 -4959
-2420 -2534 -5626 -2739 -5034 4479 -3941 -4704 -3797 -2906
-1990 -3548 -3254 201 -3834 3007 -2114 -2840 -2444 -2520
-981 -5021 950 -5608 -1306 -1125 7056 -6377 1502 -5114
4209 -7825 -1969 -3452 -6160 -588 -2222 -4839 -309 -2880
-5415 -7643 -4434 -6856 5793 -2167 -2660 -1783 -958 -321
-6366 3110 -1683 -1942 -3678 -3541 -3517 369 -511 -3233
-4381 -9793 -6107 -3447 504 -3119 -8778 447 -2476 4597
-1475 -2741 -4002 -4374 -2109 2493 -3296 103 -1387 -2879
-5843 -2616 -1812 1883 -8688 -3747 -12560 6055 -5161 -2743
-2369 -7799 3825 -1537 -4323 -2252 -2950 -3573 2238 -2319
-3868 -6468 -3328 -2930 -754 -32 -2283 -1339 -1103 1987
-4317 -3284 980 2533 -7622 -5361 -6949 -3979 -933 -495
-7235 -8968 -1041 3820 -4611 -6887 -15887 7589 -6261 -1831
-4921 -1677 -4323 -2080 2673 -1413 -2519 -3320 -3026 -399
-773 -3262 -1107 -2199 -2907 -824 943 -1655 -318 -4222
-2619 -4355 -1301 -4344 4524 -2308 -1812 -1523 -2512 538
-6016 -5420 -4597 4651 -8333 -3200 -9470 -5933 -2832 -3396
4931 -6648 -2790 -3547 -6770 -918 399 -3793 -2403 -40
-2894 -5017 -1280 440 -4339 -4395 -12675 6066 -4151 -3777
6051 -8595 -3015 -6115 -7429 -2789 -2867 -3065 -5011 -153
-911 -2923 4938 1334 -8133 -4076 -6691 -3175 -1664 -5638
-6078 -4862 -5329 -1388 -5653 -7462 -11886 129 -86 4016
-8800 3662 -5297 -2617 -3160 -2072 -4148 -1661 -864 -2940
-8866 -3450 -1977 115 -2669 -4376 -12478 4295 -2467 -142
-3955 -607 -2535 3879 -7129 848 -5216 -6087 -2175 -2929
-3067 365 3481 -2138 -4092 -3156 -3692 83 -1434 -2911
-5678 -3203 -7476 -2037 -373 -6017 -7613 -2235 -866 2893
-6768 -8707 -2568 -222 -7247 -7005 -17866 6740 -2662 -192
-4484 -2207 -5238 -3512 -1912 -1654 -8923 2081 -5429 1481
-3314 -4226 -2596 -5181 -1202 1275 3328 -3404 -2769 -2422
-3940 -3187 7217 -720 -4162 -4727 -5332 -5257 -863 -6805
-3428 -4257 -3480 -2637 -3235 -2473 -10787 4383 -5305 213
-5473 -4343 -1664 -4005 -1476 485 -1123 -4123 2208 -4554
-8462 -8755 -7378 -5372 7153 -1077 -4959 -2597 -1511 -139
-8457 -4540 -2322 -675 -5968 -6853 -15623 5362 -2007 -1626
-5044 -2514 -4270 3525 -6686 1211 -5235 -2241 -8214 -4716
-2180 -7109 -1815 -6526 2256 -1233 8790 -3585 -3320 -5654
-8691 4295 -1716 -2002 -2823 -3150 -2649 -1704 -1084 -6766
-3123 -3575 -3368 4177 -8759 -441 -9383 -6056 333 -610
-3986 -1326 -1985 -3571 -1068 -150 7173 -5398 -943 -5801
-3406 -2572 -3459 -2732 934 -2848 -1854 -1066 -1999 1246
-6270 -3587 -6991 4736 -10812 -1226 -12543 -7152 -3727 -313
-11263 5030 -3575 -1245 -2064 -4260 -4559 -3355 690 -3405
-5441 -6778 -5244 -5387 4659 -1485 -876 -2740 -2206 -1142
-7316 2008 -3071 -968 -2097 -2286 -5609 -536 -1069 -117
-8872 -3855 -93 -255 -3459 -4916 -8536 3286 -4737 -7774
885 -4851 -2102 -5335 -1889 1445 4725 -4417 -981 -4118
-5441 -9575 -4966 -2109 -1134 -3705 -9598 416 -1780 5559
