71
65
67
516
488
557
736
456
70
174
740
770
716
66
317
569
748
289
737
72
696
474
68
773
149
695
400
122
64
735
749
177
151
719
74
369
97
503
473
371
529
578
747
711
98
99
302
628
769
73
100
605
124
767
418
332
455
303
75
739
290
92
720
314
550
594
390
742
734
668
154
63
738
69
202
513
710
249
372
206
293
91
515
501
294
374
370
342
745
566
709
128
118
344
446
373
368
555
607
766
360
438
121
175
331
524
288
606
123
44
105
517
717
250
341
467
261
231
712
640
541
321
427
722
274
705
750
580
178
483
334
679
662
159
318
434
330
660
744
741
286
568
345
153
665
343
613
506
386
537
556
482
586
444
387
102
135
654
101
301
150
245
399
718
492
48
528
155
567
585
453
219
676
173
176
204
608
491
43
602
96
76
337
603
554
535
388
333
359
93
246
335
361
546
45
248
647
238
322
570
721
120
197
295
164
403
77
127
329
733
315
222
265
545
775
234
493
291
600
430
266
146
148
512
95
526
635
272
199
440
653
663
366
457
193
309
156
362
233
746
558
287
247
572
160
190
104
277
445
622
394
708
415
771
577
94
201
225
478
130
431
90
218
117
553
78
652
136
706
107
119
205
209
217
300
422
454
485
549
47
416
636
707
510
667
593
690
320
538
489
404
666
378
522
292
221
552
655
774
349
540
323
414
639
126
579
658
502
144
461
437
677
306
634
125
486
675
732
389
187
232
682
432
459
240
543
612
350
115
253
379
228
203
214
401
409
704
106
152
257
299
426
494
584
715
313
484
270
276
423
428
412
358
357
338
165
230
425
601
565
376
275
310
235
633
347
208
581
256
353
631
200
271
211
514
527
210
743
590
348
530
611
772
458
651
375
563
179
551
435
79
158
487
398
637
363
664
723
133
472
544
604
609
629
632
282
312
768
147
80
450
623
340
765
463
186
464
762
397
520
181
650
354
694
465
724
145
129
436
534
614
103
495
692
542
237
509
571
109
627
171
166
531
273
385
691
451
592
776
259
304
411
595
625
678
108
763
328
307
496
656
462
582
646
326
670
183
157
751
262
481
278
192
507
37
405
239
642
298
680
518
194
573
383
610
180
281
377
764
429
689
649
703
49
185
279
433
511
351
548
241
490
626
688
39
296
213
661
761
539
630
624
681
686
384
319
443
475
244
523
251
685
339
599
519
659
46
382
220
88
305
195
460
441
395
139
621
316
564
598
212
297
62
167
380
215
618
693
575
269
480
547
264
406
417
324
242
381
138
497
38
61
116
236
311
346
468
184
499
263
408
777
285
143
657
243
470
687
229
182
89
40
471
207
424
131
683
137
525
191
396
86
365
393
419
466
562
188
367
391
308
779
284
576
648
42
142
583
714
533
713
163
198
114
226
447
591
325
34
574
638
258
327
356
87
172
355
469
596
702
352
452
255
36
267
41
778
59
597
402
161
620
50
500
561
407
60
449
134
260
35
268
617
227
504
697
162
439
589
752
684
536
170
498
410
760
521
216
479
283
189
442
224
619
674
254
223
508
698
413
110
559
641
252
280
669
132
0
1
2
3
4
5
6
7
8
9
10
11
12
13
14
15
16
17
18
19
20
21
22
23
24
25
26
27
28
29
30
31
32
33
51
52
53
54
55
56
57
58
81
82
83
84
85
111
112
113
140
141
168
169
196
336
364
392
420
421
448
476
477
505
532
560
587
588
615
616
643
644
645
671
672
673
699
700
701
725
726
727
728
729
730
731
753
754
755
756
757
758
759
780
781
782
783
