686
513
311
553
496
429
773
649
772
66
681
329
65
130
283
769
740
397
741
250
488
680
64
70
301
360
398
229
689
71
400
42
460
626
248
327
352
767
177
704
750
705
749
374
249
131
540
638
296
149
368
275
459
430
289
137
122
133
410
628
346
319
437
454
747
563
427
362
154
514
438
186
75
317
554
293
742
246
390
515
347
210
262
516
153
310
356
685
371
76
102
292
254
471
297
67
227
370
745
647
344
591
193
357
627
734
95
473
547
315
582
91
609
664
744
541
62
136
247
512
474
143
284
703
221
214
255
332
555
345
497
585
733
482
105
428
503
348
97
69
216
358
359
466
484
684
331
712
746
637
692
73
257
288
455
98
707
530
219
653
676
197
261
618
621
642
165
567
320
389
486
770
369
724
199
328
418
124
195
245
340
384
487
501
657
717
265
444
738
276
338
383
483
539
592
118
527
556
226
277
48
273
45
222
282
635
361
286
394
511
723
312
44
103
142
287
291
323
399
413
581
716
94
366
675
375
330
481
461
206
74
355
123
290
313
342
465
467
468
531
693
748
294
39
203
121
708
202
415
636
766
100
77
613
373
667
679
304
164
722
732
47
743
718
108
160
307
324
335
372
440
443
533
569
575
135
386
565
566
300
128
144
434
38
456
376
668
665
385
377
416
774
343
599
145
414
90
120
719
37
485
93
710
715
350
43
101
251
253
436
472
612
650
678
737
763
771
695
341
326
646
713
433
765
63
79
464
379
403
558
446
557
318
739
295
314
380
425
510
517
606
96
129
363
538
387
204
552
171
88
274
401
696
489
408
610
580
119
185
194
268
641
682
768
735
104
298
178
215
325
302
272
470
601
654
751
445
316
351
457
666
762
334
544
469
670
529
508
166
80
72
640
40
117
422
499
570
61
78
115
176
281
447
453
597
619
687
92
242
187
426
545
134
159
218
339
594
620
306
568
614
138
155
157
190
209
299
378
761
502
303
381
714
506
611
622
404
321
106
182
233
269
405
586
598
266
278
406
225
458
184
309
564
174
571
525
551
778
478
706
395
633
158
240
333
491
694
244
424
651
528
775
116
163
231
523
548
624
736
388
509
709
125
600
711
107
162
493
663
691
396
431
188
409
417
263
241
192
412
655
205
590
198
322
542
220
435
41
49
213
452
526
720
156
608
68
238
492
543
279
391
583
658
507
777
207
89
305
217
243
721
537
35
139
170
201
475
519
584
764
146
441
625
629
648
652
605
109
267
546
353
602
232
677
349
256
34
172
200
260
450
462
521
639
183
480
490
271
402
520
535
579
522
264
662
423
46
234
411
690
494
593
86
228
367
439
604
211
127
656
36
607
259
432
660
181
151
126
270
285
407
631
688
99
237
258
442
239
235
173
337
382
451
534
623
518
572
498
549
573
603
150
683
634
191
500
562
212
147
354
230
236
495
463
479
576
776
175
630
550
536
661
148
574
578
632
524
152
659
180
208
595
596
179
577
161
189
0
1
2
3
4
5
6
7
8
9
10
11
12
13
14
15
16
17
18
19
20
21
22
23
24
25
26
27
28
29
30
31
32
33
50
51
52
53
54
55
56
57
58
59
60
81
82
83
84
85
87
110
111
112
113
114
132
140
141
167
168
169
196
223
224
252
280
308
336
364
365
392
393
419
420
421
448
449
476
477
504
505
532
559
560
561
587
588
589
615
616
617
643
644
645
669
671
672
673
674
697
698
699
700
701
702
725
726
727
728
729
730
731
752
753
754
755
756
757
758
759
760
779
780
781
782
783
