640
496
354
239
351
379
434
312
153
323
602
630
620
658
639
402
574
407
313
408
551
612
767
220
300
360
691
482
303
263
398
94
268
126
291
329
611
290
331
234
280
152
210
445
707
773
636
281
518
154
385
585
656
436
308
64
227
207
267
271
284
581
600
613
668
737
333
555
203
298
384
474
483
201
346
739
252
426
255
359
361
412
554
285
584
305
531
738
139
675
356
444
623
61
275
269
273
580
592
7
6
335
299
257
336
647
510
756
86
120
370
553
632
716
746
222
167
3
244
556
26
723
228
90
309
274
422
442
514
564
721
364
362
770
249
314
399
293
509
279
558
20
231
310
616
183
256
262
272
334
582
596
31
87
722
503
84
248
343
595
54
21
679
699
557
594
22
103
417
740
70
221
667
171
202
253
196
634
669
369
517
392
199
117
772
759
673
644
251
8
109
337
141
129
169
182
332
702
195
174
477
98
289
732
116
568
583
593
705
224
226
133
731
725
30
504
729
476
59
481
610
194
701
52
14
28
350
728
368
193
536
586
591
621
165
173
769
768
765
83
140
283
327
357
775
755
254
448
53
0
587
371
577
390
764
366
697
559
229
695
143
758
260
9
37
187
216
266
348
645
660
55
338
419
35
700
733
614
648
270
606
743
2
104
192
672
703
282
651
714
560
751
698
118
42
105
175
186
206
326
505
533
677
690
727
774
71
12
696
750
363
32
776
88
91
261
534
633
19
10
78
223
742
4
205
328
413
416
532
631
665
710
671
63
24
146
162
225
166
342
304
766
110
749
578
641
694
367
115
425
29
562
365
235
319
538
744
5
643
170
219
450
726
752
734
89
198
609
114
288
537
712
112
69
214
137
215
250
164
420
144
92
757
81
307
93
388
711
730
724
753
453
670
138
708
397
172
204
62
736
243
688
780
646
590
111
60
423
652
147
238
618
779
741
761
13
40
237
344
530
624
666
680
683
393
762
608
676
50
783
80
11
136
41
454
684
394
778
277
395
36
615
65
709
25
674
15
565
777
265
278
330
527
200
771
39
259
535
44
588
232
145
142
1
315
45
306
27
73
317
635
46
58
372
622
782
57
506
566
637
48
130
160
177
181
345
563
603
693
706
79
82
197
735
23
108
43
421
33
190
446
605
391
212
247
276
318
638
689
38
713
56
163
51
168
763
607
661
447
339
760
18
455
704
119
478
619
47
242
480
526
579
597
745
191
189
617
418
107
34
16
233
441
499
781
241
642
400
692
475
158
316
85
149
389
472
625
650
686
720
449
311
747
17
748
561
134
68
470
678
340
451
135
286
49
113
546
77
217
409
528
589
341
106
410
414
502
567
125
500
662
754
664
715
209
396
471
157
218
381
508
511
717
287
479
427
540
687
569
654
76
230
258
439
411
452
121
320
507
176
604
529
548
240
96
132
161
75
124
539
386
473
718
66
547
67
72
74
95
97
99
100
101
102
122
123
127
128
131
148
150
151
155
156
159
178
179
180
184
185
188
208
211
213
236
245
246
264
292
294
295
296
297
301
302
321
322
324
325
347
349
352
353
355
358
373
374
375
376
377
378
380
382
383
387
401
403
404
405
406
415
424
428
429
430
431
432
433
435
437
438
440
443
456
457
458
459
460
461
462
463
464
465
466
467
468
469
484
485
486
487
488
489
490
491
492
493
494
495
497
498
501
512
513
515
516
519
520
521
522
523
524
525
541
542
543
544
545
549
550
552
570
571
572
573
575
576
598
599
601
626
627
628
629
649
653
655
657
659
663
681
682
685
719
